-13.1833 0.3599 -6.5478 B
4.1073 6.3647 5.1119 W
-15.4531 3.0621 -4.1285 B
16.5953 -2.592 -4.707 O
1.5261 -12.8674 7.8456 P
-19.8171 2.1143 -2.4995 B
-1.3022 -8.0543 7.833 P
-14.1126 3.8643 -2.4198 B
-0.9216 -10.515 1.418 P
-16.7066 5.1971 -8.282 B
1.4572 9.9895 9.2306 W
-16.5463 5.5304 -4.948 B
16.8981 -3.8388 -6.968 O
-14.4879 1.5995 -9.2427 B
17.7025 -2.1976 -5.2194 O
-5.6303 -8.0618 7.3476 P
-1.2427 -9.4076 5.0054 P
17.5463 -4.7609 -2.7251 O
-3.1222 -8.8345 3.8815 P
-15.8101 5.4936 -9.8261 B
14.5656 -0.2718 -3.8363 O
-16.9405 1.372 -8.9147 B
18.0767 -5.0982 -9.9938 O
3.6394 9.8355 9.2474 W
4.7179 7.7447 2.7071 W
7.5055 10.1615 3.7822 W
-16.1138 3.553 -3.7432 B
-17.0206 2.139 -3.5794 B
-14.7353 4.5783 -5.0831 B
16.6006 -0.9945 -4.9877 O
-16.0445 1.6472 -8.8522 B
18.6142 -4.3586 -7.2927 O
-17.5548 1.3371 -1.4139 B
6.0877 12.799 8.2589 W
15.8624 -0.7274 -5.9047 O
18.7531 -2.7696 -6.3821 O
1.449 -8.5055 3.1413 P
2.5398 13.4746 5.1577 W
18.4054 -3.3117 -2.3389 O
-17.3567 4.7977 -9.557 B
18.798 -4.8946 -5.5082 O
4.4585 7.7524 7.6511 W
16.8049 -0.5788 -4.5369 O
7.3196 12.7438 4.3058 W
-15.7274 0.7609 -9.5978 B
2.4369 9.4211 4.1689 W
-19.3325 3.8882 -4.7815 B
-13.0633 3.9965 -8.7206 B
17.5257 -1.1358 -1.0003 O
3.4081 11.6759 3.4094 W
-17.4469 2.3727 -8.131 B
18.8107 -0.731 -4.1522 O
1.0894 -9.0431 8.4292 P
-16.3405 4.057 -3.2116 B
-0.154 -9.5258 5.824 P
6.0448 13.7374 2.8547 W
2.408 10.8738 6.7707 W
6.4502 8.0265 5.2973 W
4.1145 13.6346 7.4711 W
5.4747 11.4068 2.368 W
-5.4618 -12.7502 8.4047 P
16.3247 -1.6916 -7.6535 O
5.0477 11.9834 6.8413 W
-4.79 -13.2894 9.0988 P
5.2768 9.3197 5.6978 W
-15.1034 0.4695 -9.7187 B
-17.2612 4.9697 -4.6206 B
-15.2155 0.8211 -2.7447 B
15.7191 -0.3032 -3.7964 O
-18.3011 2.7773 -5.8776 B
5.4908 6.5793 4.143 W
1.5845 6.2614 2.4998 W
18.763 -3.7676 -5.7064 O
-5.9382 -8.1863 6.9549 P
-13.625 2.279 -1.6921 B
-13.5862 3.633 -4.7234 B
1.9943 -9.4983 9.3595 P
3.9267 7.2583 2.1874 W
5.2866 11.6689 7.9925 W
4.6696 8.5092 3.566 W
18.0438 -3.9508 -8.0921 O
-15.5556 3.3914 -5.6135 B
-2.4614 -13.0475 2.6958 P
-16.8128 3.7117 -8.4582 B
4.9183 7.4273 8.8353 W
18.1479 -0.9751 -8.9465 O
-15.8717 5.5866 -7.1046 B
4.5066 6.7209 8.9929 W
-0.5707 -13.7853 6.9911 P
6.2406 10.9971 2.6539 W
6.7083 10.3874 8.2437 W
-3.6451 -8.26 6.5014 P
7.5479 8.149 9.6631 W
7.4897 8.0373 6.0745 W
19.1532 -0.5688 -2.9658 O
16.0715 -5.1169 -5.2234 O
-15.533 5.3273 -8.0041 B
3.6382 9.203 6.4295 W
17.4506 -0.8697 -3.7736 O
18.5386 -4.418 -2.9583 O
-17.554 4.3451 -8.0535 B
-3.4399 -12.8046 3.6853 P
7.2176 9.8644 4.0289 W
2.5538 13.6236 9.0246 W
14.7853 -0.2781 -8.5091 O
-15.3641 3.7991 -5.9084 B
18.2492 -0.1454 -7.2302 O
-14.2012 4.935 -3.502 B
-15.5027 5.2542 -6.2096 B
5.7199 7.1429 7.0278 W
2.802 10.5568 1.4555 W
-0.6313 -10.4739 6.816 P
4.8836 6.5043 8.3786 W
-0.7404 -11.0017 7.7396 P
-15.5326 5.6855 -2.1415 B
17.6639 -1.6873 -3.952 O
-3.9388 -11.4381 5.743 P
-18.8924 4.0707 -9.0856 B
1.435 6.2506 4.7085 W
-17.138 5.6703 -1.8627 B
19.187 -3.6069 -9.7884 O
-4.9277 -12.9749 1.7493 P
-5.2774 -8.2509 5.0697 P
1.4199 12.4049 5.1989 W
-14.0743 1.7894 -1.2487 B
18.5474 -4.4677 -2.9164 O
6.6305 10.4165 6.3007 W
-14.0441 4.8577 -4.4772 B
-19.9063 2.3375 -4.4558 B
16.127 -2.9797 -8.7741 O
-0.6895 -13.3358 3.2816 P
-3.8837 -8.1976 1.2983 P
-4.0641 -12.8983 3.633 P
7.2046 13.7806 4.7965 W
-4.5768 -9.7092 8.82 P
6.1168 12.1234 8.2302 W
-2.8128 -9.8516 8.3362 P
2.7322 7.359 1.5085 W
2.6929 10.2252 7.7248 W
1.2372 12.1038 9.1008 W
16.4518 -5.4618 -7.4343 O
2.4834 6.3157 3.31 W
19.0871 -1.9805 -9.4774 O
0.8359 -8.4608 8.7456 P
16.9593 -0.7066 -6.6243 O
-2.0829 -9.4563 6.8319 P
-15.0531 4.7034 -8.0471 B
-14.1405 5.2356 -6.6969 B
-14.1224 0.5611 -3.2071 B
19.5606 -4.04 -3.8026 O
15.118 -0.9845 -5.367 O
3.5215 8.4524 9.9635 W
-2.9658 -8.9274 9.2306 P
0.1264 11.4734 4.5149 W
-4.4855 -13.8226 4.9531 P
-4.6792 -11.6508 3.4461 P
-4.3564 -13.3369 2.1541 P
19.624 -1.4644 -7.4681 O
-1.338 -10.7481 5.4933 P
16.3487 -5.5989 -2.1533 O
-3.585 -12.3297 4.8276 P
-15.0715 1.8383 -8.2797 B
0.173 -12.6955 9.3217 P
1.1998 -9.4478 6.1916 P
-13.9963 1.5926 -1.7341 B
18.0229 -1.6646 -7.6981 O
0.1837 8.774 8.3863 W
-3.4365 -10.6472 4.3307 P
2.2994 9.1914 2.5446 W
1.9612 9.577 7.6557 W
3.2242 6.3833 3.328 W
6.3426 9.6412 9.4579 W
-2.0992 -8.6909 4.5157 P
-15.7752 1.1654 -7.4771 B
18.823 -4.5237 -2.8746 O
16.7533 -5.098 -7.068 O
4.0659 9.5716 8.5151 W
0.9597 -12.442 2.2893 P
-15.4102 1.1081 -3.1532 B
-2.3086 -10.3625 6.3578 P
1.9158 -9.1625 9.2548 P
-1.8687 -11.5451 8.4383 P
-18.6296 1.2507 -2.6395 B
-3.4056 -13.9367 9.0485 P
18.9633 -4.5766 -1.1639 O
4.7665 13.0804 1.1734 W
-15.0933 1.2668 -8.6109 B
-3.8571 -8.6286 8.7863 P
7.0388 9.0476 9.1534 W
16.9224 -0.381 -5.1739 O
5.9253 13.5766 9.3481 W
-16.3883 2.7786 -4.429 B
5.5408 11.7823 6.1159 W
1.3391 12.5867 9.4853 W
-19.0492 3.3318 -8.5374 B
18.7839 -1.2434 -3.5953 O
-19.067 1.6911 -3.3724 B
0.1003 -8.1207 1.0609 P
19.0279 -5.8405 -4.0102 O
2.3468 6.5708 3.365 W
0.5469 -9.3398 7.2324 P
-14.9727 1.4011 -8.1763 B
-19.3491 4.4168 -7.5865 B
-4.755 -9.4008 8.4643 P
-0.7132 -13.6418 9.6853 P
-18.9017 2.2195 -1.1363 B
-13.5457 1.2251 -1.1418 B
-2.8317 -9.0708 9.1886 P
-2.4133 -11.285 1.2104 P
18.1355 -1.1199 -5.7469 O
-15.902 1.3744 -1.4028 B
1.526 -12.397 7.9138 P
-13.9094 2.504 -9.8325 B
-15.3563 3.7644 -9.696 B
3.2432 8.2965 3.2334 W
-3.6629 -10.4847 2.9753 P
6.7938 12.0057 9.6599 W
-19.0035 2.8294 -4.4076 B
-0.6997 -8.0215 2.0231 P
-15.9728 4.8867 -2.2111 B
4.6969 10.0971 3.7741 W
-18.5683 2.7969 -4.8792 B
-5.6593 -9.4175 3.2918 P
14.1 -0.2148 -6.8152 O
19.1139 -1.0528 -7.8723 O
-18.4414 5.9907 -1.8919 B
-14.838 2.8567 -6.3895 B
-15.5328 4.9202 -6.418 B
3.6953 10.0175 4.9368 W
-19.0832 5.6291 -7.6206 B
1.5797 9.8333 7.1182 W
-18.6349 1.8258 -6.9466 B
16.3467 -4.6339 -3.804 O
1.5327 12.0645 9.7474 W
-4.4544 -9.8953 9.9419 P
4.3129 9.1443 7.5797 W
-15.4325 4.822 -1.8106 B
17.3023 -4.1244 -5.6071 O
-3.5618 -11.968 1.7387 P
-4.1228 -10.8046 5.7926 P
-3.9368 -10.1912 4.3473 P
-14.7152 4.5547 -5.008 B
2.7034 10.6146 7.5228 W
14.6219 -0.7639 -8.2685 O
7.6622 12.4747 9.2747 W
-14.2335 3.964 -3.6046 B
19.1961 -0.2179 -4.7931 O
15.3596 -3.0016 -1.7029 O
17.2095 -0.3264 -8.3982 O
-13.1949 5.259 -2.6528 B
-16.3276 5.1637 -7.4735 B
-2.6946 -10.561 9.9327 P
-4.5769 -11.28 8.6415 P
-13.562 1.003 -3.5146 B
6.5672 10.0463 3.4329 W
0.4487 6.2434 7.9658 W
14.829 -3.953 -4.5818 O
18.0574 -5.1851 -5.9215 O
17.9303 -2.9782 -6.5196 O
4.2582 6.4133 2.6372 W
6.4703 13.5046 6.8671 W
1.1673 -9.6534 2.9541 P
5.1499 9.1106 9.1839 W
-2.4736 -12.097 3.1834 P
19.525 -5.826 -9.56 O
0.6283 13.6967 5.9156 W
16.1816 -4.904 -4.4961 O
0.7062 13.1853 6.3781 W
17.4099 -3.5966 -2.1573 O
-14.1691 4.4823 -3.8511 B
18.6615 -5.3891 -8.1319 O
-13.8589 2.2288 -1.7747 B
0.8155 8.7382 5.435 W
18.3458 -2.666 -2.0491 O
5.3885 12.3718 6.0651 W
3.4779 9.0004 6.7834 W
-13.8693 4.1428 -1.2299 B
-13.756 4.6845 -3.061 B
-18.2154 4.6819 -7.3422 B
-17.4366 3.5988 -6.6221 B
-1.9593 -10.5012 3.4755 P
1.8362 7.2338 1.242 W
5.3027 10.8702 8.5218 W
1.5164 10.9631 3.5851 W
15.4917 -2.1638 -6.8767 O
4.5525 8.2706 1.8321 W
-14.5015 5.3867 -6.497 B
3.536 11.0067 2.5051 W
-2.735 -9.8663 7.2788 P
0.4763 10.608 6.1373 W
5.4144 8.3351 5.6905 W
2.0063 8.5983 2.6976 W
14.5686 -1.5838 -8.5702 O
-5.8143 -8.2784 6.2506 P
4.2249 10.7294 4.5924 W
-3.6332 -12.3368 7.2662 P
-5.6849 -12.8728 4.5406 P
16.3477 -3.6819 -2.3718 O
-0.4236 -8.1413 3.2243 P
-19.8644 0.7784 -8.2591 B
-18.437 3.9637 -7.4239 B
-5.3217 -12.8799 3.532 P
-16.4226 2.1039 -7.8242 B
-13.6464 0.5904 -7.2353 B
2.1182 8.1605 3.2047 W
14.6677 -2.4277 -9.7774 O
1.4134 -10.1887 2.1982 P
-5.3991 -8.4373 7.4076 P
4.5953 10.6788 1.5701 W
-0.3225 -10.939 7.0043 P
19.4601 -3.7402 -8.6006 O
1.237 -8.3194 4.8228 P
1.0025 -11.4252 4.1803 P
-14.4247 3.0965 -9.756 B
19.2598 -0.1511 -7.7478 O
-15.8909 5.5773 -9.0297 B
-15.0819 1.9624 -5.8996 B
-1.6988 -11.7579 7.9752 P
-5.6482 -11.1192 8.3347 P
1.3284 6.313 7.4523 W
19.488 -2.1425 -4.7536 O
1.0927 7.0368 5.3882 W
-19.6411 1.729 -6.3519 B
-2.301 -12.7889 3.129 P
-19.9647 4.576 -4.9322 B
19.6783 -4.6671 -9.5352 O
19.6191 -5.0019 -9.5786 O
-16.4036 5.6057 -4.8257 B
-17.3789 3.7569 -5.3534 B
15.2313 -1.5337 -6.424 O
18.5619 -5.8179 -1.5174 O
0.9431 -13.0894 6.6373 P
-1.8867 -8.6678 4.0185 P
15.7887 -3.0446 -1.2767 O
0.1473 -11.3767 3.0705 P
18.7856 -4.4152 -7.3653 O
16.9434 -1.15 -2.5326 O
-15.8042 1.8194 -7.8064 B
-5.4825 -9.5665 3.679 P
-17.2729 3.8885 -5.6287 B
-5.9186 -13.374 5.999 P
19.3887 -0.7302 -4.4673 O
2.0626 11.7138 8.1559 W
-15.809 2.9064 -8.7378 B
-15.9146 4.0183 -5.8969 B
-17.1828 1.8071 -1.6361 B
1.7287 12.6591 1.3819 W
19.3309 -3.4457 -2.0327 O
3.6155 13.0643 2.1629 W
-18.7976 1.7671 -5.4287 B
-18.535 4.6115 -8.9115 B
-19.1636 2.7927 -2.2734 B
15.3677 -2.9 -9.2822 O
19.6412 -2.8127 -7.2966 O
-14.9034 5.3787 -3.7653 B
16.2217 -4.3358 -9.8056 O
-1.0838 -10.9135 7.7528 P
18.9256 -0.1763 -6.0682 O
18.3968 -5.6324 -3.6628 O
17.1174 -3.1279 -1.7888 O
-14.9674 1.5651 -1.0299 B
-1.1087 -13.086 4.236 P
4.2307 10.8717 5.339 W
19.6312 -1.2437 -6.0796 O
17.5409 -3.7749 -7.758 O
14.6855 -1.5406 -1.7522 O
-17.5158 0.2772 -8.5261 B
-15.9496 1.1083 -6.1741 B
-14.7904 4.7397 -9.0699 B
2.9779 6.4976 1.8546 W
1.3962 -12.8643 8.5992 P
0.6675 12.1829 6.1664 W
5.3853 7.622 6.4281 W
5.0349 12.2328 2.6367 W
-2.6883 -11.7925 2.8927 P
6.3506 8.0462 2.671 W
-5.3772 -10.8767 6.8047 P
19.8613 -2.3101 -1.3225 O
1.6964 -10.2583 2.9745 P
16.5425 -1.3472 -4.3315 O
-0.9631 -13.6428 3.9411 P
14.8043 -0.8192 -5.0657 O
-15.3165 3.5898 -3.5179 B
2.0535 10.3816 6.593 W
-1.827 -12.0646 8.4081 P
19.2609 -3.6717 -4.4818 O
17.4333 -2.3056 -6.0184 O
5.1875 7.4261 3.8353 W
-16.4925 5.245 -3.966 B
14.3421 -2.0465 -5.666 O
1.5855 8.2793 3.8754 W
1.1392 -9.3624 8.4065 P
-17.3038 5.2103 -4.9493 B
4.2764 10.7847 2.8091 W
-5.1667 -8.4593 6.2703 P
-13.1089 0.2617 -6.5434 B
-0.5495 -13.6151 8.8329 P
18.9282 -5.7993 -8.1023 O
-2.367 -8.4881 3.6489 P
1.5999 -11.7352 9.5125 P
-18.1547 5.9648 -9.1195 B
17.714 -0.5039 -5.1225 O
-1.5034 -13.2315 6.4094 P
1.7749 13.9514 3.7809 W
-4.1688 -8.0733 5.4615 P
-18.5692 2.2782 -7.7726 B
14.6655 -1.4628 -3.2367 O
4.4698 7.2616 7.5982 W
-15.207 2.4744 -3.3029 B
16.9988 -2.0535 -9.4826 O
17.8107 -3.5919 -3.9963 O
-13.7339 0.4621 -8.9805 B
-0.954 -12.0904 6.3015 P
-17.565 3.031 -2.2295 B
-3.9881 -8.3577 4.3839 P
6.5161 12.183 3.3845 W
18.8208 -3.0079 -7.5505 O
17.1449 -4.2697 -7.713 O
16.5178 -3.7093 -3.2418 O
-17.1319 2.3633 -5.4251 B
-15.7412 4.5062 -2.8057 B
0.4587 6.5413 4.7043 W
1.9075 -10.8256 4.0522 P
-16.5181 4.3466 -6.7257 B
-3.865 -9.102 5.5734 P
14.6851 -1.4714 -3.8561 O
-3.2475 -10.7611 3.9191 P
-5.1142 -11.6024 2.0781 P
3.7686 6.1691 8.9921 W
18.934 -1.7079 -3.7256 O
0.2276 13.7294 9.0266 W
14.9992 -1.72 -2.2213 O
6.7668 12.7901 3.2653 W
-16.4008 4.1417 -3.0253 B
1.3066 10.8637 5.8528 W
-19.3206 4.1659 -8.3648 B
-13.1013 5.3887 -1.6696 B
-16.1755 2.2143 -2.123 B
-19.2606 4.8365 -4.3191 B
1.1822 -12.2426 7.4275 P
6.4523 11.2109 5.7521 W
19.5006 -3.9655 -7.166 O
19.1762 -1.4768 -7.9724 O
-13.5188 1.7855 -1.3624 B
4.963 7.2821 1.3247 W
6.08 12.6851 3.47 W
5.8269 12.5162 9.7353 W
-5.5348 -9.489 5.7793 P
-5.2661 -11.7804 7.6104 P
-4.0118 -9.3887 4.5997 P
1.2262 -12.3734 9.7483 P
-1.8825 -13.7377 2.6741 P
-13.8742 3.4653 -8.3759 B
19.6002 -0.9448 -3.5209 O
-4.6693 -10.4031 7.258 P
0.7076 -12.5414 8.0227 P
18.7675 -0.7131 -3.4589 O
2.3661 8.5715 9.466 W
16.8647 -4.2966 -8.8269 O
-19.3653 4.9228 -1.3463 B
-3.8991 -11.3126 8.5222 P
-0.7028 -12.3718 9.3164 P
0.5026 10.4923 1.4817 W
-13.8047 5.4552 -9.3698 B
-0.7385 -13.2221 2.7512 P
5.8431 9.9974 3.6463 W
-4.3653 -9.3586 3.8607 P
3.0619 8.9859 4.655 W
-5.2676 -8.912 1.7727 P
16.1991 -5.5523 -7.0828 O
3.7312 11.1931 7.5739 W
4.3089 12.3123 6.8036 W
14.6741 -1.4697 -4.0059 O
2.0212 12.6794 8.4796 W
14.3898 -3.1655 -3.0871 O
19.4718 -0.1249 -3.8933 O
3.6562 11.4425 6.6781 W
-5.7693 -8.8507 5.646 P
16.16 -5.1145 -4.8931 O
-15.5879 4.7527 -6.8249 B
16.839 -4.2714 -7.2894 O
-17.4547 5.2778 -4.2719 B
-0.2967 -9.4021 2.9349 P
-0.3518 -9.4942 4.5338 P
0.8981 6.9281 7.5392 W
-13.6865 5.8196 -7.3672 B
-19.1966 4.4677 -3.5426 B
2.4775 10.1923 9.6861 W
-3.2841 -8.3326 3.0237 P
-0.2823 -10.7651 4.7991 P
-1.1415 -11.8309 9.6798 P
-15.0428 5.9333 -4.4706 B
17.0321 -4.956 -5.2879 O
-2.5013 -8.6376 4.7306 P
-14.635 4.323 -9.0101 B
19.669 -0.5274 -8.1001 O
15.7724 -1.656 -6.3682 O
-2.8659 -13.6651 6.8633 P
2.6749 6.3159 2.2238 W
0.2947 11.8996 9.5845 W
19.5431 -4.2896 -5.6506 O
7.7315 12.1099 9.695 W
15.961 -1.2489 -4.6693 O
19.1191 -5.8465 -8.966 O
-14.3347 4.1993 -3.5595 B
1.7169 -9.7016 5.4867 P
-13.8016 0.7896 -6.2072 B
16.0563 -5.1866 -3.3299 O
17.8967 -0.5629 -1.8256 O
4.4478 9.4853 8.5564 W
-17.5888 3.3141 -3.9327 B
0.3485 12.4257 5.1321 W
-16.4147 1.0594 -9.1042 B
0.8246 9.2991 8.4009 W
18.0097 -2.6926 -1.2814 O
0.7405 -10.8372 2.1685 P
0.334 13.5953 2.485 W
-1.7597 -12.2654 7.5374 P
1.1846 8.8582 4.5314 W
15.3599 -0.1639 -5.727 O
-1.8603 -9.0383 4.3695 P
0.7687 12.5779 7.5831 W
16.2972 -0.7805 -2.2067 O
4.787 10.2737 3.1234 W
5.6717 9.6799 1.3531 W
15.927 -0.7849 -7.8851 O
3.7568 10.3454 1.933 W
-1.1753 -8.555 7.0237 P
17.7066 -2.5961 -6.9599 O
-4.4448 -10.8811 7.5125 P
-17.2978 1.0181 -9.1655 B
2.9315 12.3534 5.4125 W
-17.6745 4.5529 -2.3757 B
-5.1733 -10.4625 3.8042 P
-15.2219 4.9637 -9.6838 B
4.1043 13.4525 6.3014 W
-1.6029 -11.8508 5.7631 P
-15.4477 1.9803 -8.3305 B
17.64 -1.6704 -1.0216 O
16.2322 -0.9422 -1.2629 O
17.413 -0.6277 -4.035 O
1.0535 11.9536 2.3727 W
19.5447 -5.295 -2.5224 O
-13.8382 0.913 -8.6169 B
-13.8147 1.9068 -7.3405 B
-15.9056 0.9111 -3.2707 B
-16.3718 3.3581 -6.6037 B
2.2542 9.411 9.5028 W
-1.2728 -12.768 2.723 P
-15.779 1.8824 -1.9965 B
3.6761 11.8545 9.9328 W
3.3377 10.7658 2.9846 W
0.9539 13.4433 3.7019 W
16.4728 -3.6911 -7.8973 O
-19.8341 1.8917 -2.3569 B
2.2869 10.5477 6.2876 W
6.2468 12.2244 1.9928 W
2.6541 11.6653 7.9582 W
-2.9827 -10.6489 8.7288 P
-1.3671 -10.7888 8.2388 P
-2.0154 -9.659 7.2923 P
7.6704 9.5259 6.5114 W
-13.813 5.4914 -9.2869 B
5.9438 6.8595 6.9254 W
15.1708 -0.4088 -8.0456 O
18.7924 -4.3998 -7.2158 O
7.1663 9.295 4.6393 W
0.1569 11.7593 6.023 W
-18.6591 4.4716 -2.517 B
-3.1166 -12.3593 1.5234 P
-18.8976 1.3791 -1.1141 B
-15.7199 2.0489 -9.3674 B
-16.4639 4.4427 -6.3435 B
17.4837 -5.735 -1.3945 O
18.8252 -5.8217 -4.0724 O
-17.3454 0.3638 -2.3183 B
15.7172 -3.6936 -8.4804 O
17.2461 -2.4003 -3.1503 O
2.7093 7.0489 3.3723 W
-15.3707 4.7616 -5.3896 B
-0.7992 -11.5436 4.8224 P
19.7968 -5.3029 -4.9424 O
7.7716 10.311 5.4296 W
5.662 9.9955 1.414 W
0.5782 -13.9212 7.1492 P
17.2962 -3.7454 -7.6626 O
17.535 -1.2707 -5.029 O
17.9646 -3.2893 -7.9711 O
-18.5425 1.0884 -3.6904 B
2.9341 11.3307 6.8538 W
-17.2897 3.0558 -5.1483 B
-2.1252 -11.5202 6.8375 P
1.237 12.3321 4.4318 W
17.1559 -0.3009 -2.0506 O
19.2915 -4.0423 -9.1974 O
14.1405 -2.0031 -8.537 O
1.2733 10.3743 2.5601 W
19.1527 -2.3807 -2.2553 O
16.0499 -1.1298 -7.2598 O
-18.5992 0.2626 -6.116 B
-15.5512 4.0893 -1.6547 B
-19.5542 0.9171 -3.2978 B
19.7867 -3.2579 -5.8657 O
3.7277 11.8838 9.1204 W
15.0814 -0.9866 -7.1474 O
-1.2251 -10.8099 6.8067 P
-5.5581 -12.1839 4.5817 P
4.6765 11.2925 1.3843 W
17.9609 -2.7848 -4.3838 O
-4.5455 -10.9528 8.7262 P
15.3553 -0.9484 -9.8075 O
2.9545 12.7583 1.0893 W
1.4967 11.7772 8.7417 W
17.9091 -1.0003 -5.9092 O
16.3596 -1.1249 -2.6127 O
4.7719 11.3752 3.0417 W
2.7701 12.3781 2.4773 W
-1.7253 -12.701 3.4002 P
18.5969 -1.9645 -5.2984 O
-3.3962 -8.7136 3.6158 P
-4.0133 -10.3995 6.4161 P
18.3756 -0.5148 -2.5858 O
0.9577 6.9546 6.6344 W
-16.7664 5.7368 -3.8038 B
16.6245 -5.9999 -4.0449 O
-17.0426 0.7974 -4.2662 B
17.0324 -2.421 -7.6097 O
19.8764 -3.9706 -5.9118 O
0.3601 12.5321 5.7945 W
-2.4734 -8.7883 8.131 P
-1.4764 -11.476 8.3546 P
16.8369 -1.6831 -9.7256 O
1.8621 -11.1053 6.5023 P
0.7768 -13.8889 2.5644 P
-2.6542 -10.4645 2.1468 P
19.2761 -0.5031 -1.7797 O
-0.5703 -8.6718 2.9124 P
-3.8362 -8.5544 9.2079 P
6.3806 9.4756 3.8852 W
16.3221 -3.2791 -3.2752 O
17.1418 -2.9492 -9.6195 O
15.9662 -2.3197 -3.7104 O
-18.1479 5.1042 -2.6547 B
-14.7412 2.1525 -1.2157 B
4.4526 11.3388 2.7021 W
-4.8382 -8.4949 7.655 P
-16.5759 1.1844 -3.743 B
5.3072 9.0857 7.5718 W
1.296 -13.2905 2.8952 P
-17.2098 2.288 -2.5072 B
19.3329 -4.0692 -9.2508 O
16.5812 -5.2878 -4.8608 O
5.0713 7.3599 8.3072 W
-18.2647 3.4476 -2.52 B
2.1399 10.895 6.0145 W
14.8319 -3.6707 -9.7046 O
19.0992 -2.135 -1.8037 O
15.594 -1.0475 -7.7626 O
-4.0288 -9.0529 1.1665 P
-5.9719 -13.7013 3.2121 P
-18.6302 2.4318 -6.5578 B
1.0522 11.9434 8.9023 W
2.7164 8.3269 1.0915 W
-4.3282 -9.5344 7.4883 P
-3.2277 -13.1388 4.7375 P
-1.34 -8.9474 4.2409 P
-5.2559 -13.0243 9.2941 P
-13.3892 2.0684 -3.8445 B
7.2256 9.2199 8.4793 W
-16.7524 0.4404 -1.1653 B
5.4774 8.2678 7.2657 W
-1.4647 -11.9896 6.7984 P
17.2329 -5.1149 -7.4125 O
2.3285 13.3106 6.4237 W
17.2458 -3.4514 -9.4216 O
5.4415 6.3184 6.7289 W
19.0122 -4.1102 -5.0236 O
-18.8575 3.5944 -7.3097 B
19.0842 -4.9989 -9.4513 O
-13.3208 1.9932 -9.2114 B
0.2738 9.3334 4.8911 W
1.5709 -8.4578 5.1948 P
-19.159 3.5215 -7.5793 B
-5.0046 -11.3986 5.098 P
19.0016 -2.953 -8.6398 O
-19.1587 0.7106 -4.6108 B
19.946 -3.2009 -8.0221 O
-14.2116 4.5373 -9.8878 B
-0.4793 -9.0114 9.6387 P
-15.2164 2.7701 -9.0579 B
2.475 7.6841 4.7479 W
-0.3738 -12.6952 7.9375 P
5.065 9.3768 1.619 W
-13.5375 2.3605 -7.4238 B
-5.432 -11.8053 9.0245 P
-16.0298 2.626 -4.4682 B
-14.8652 0.2163 -2.6489 B
-5.9163 -13.8497 9.8762 P
-19.8946 0.9786 -1.7401 B
15.9727 -2.6443 -3.8313 O
-5.5841 -12.4611 4.5175 P
0.6485 -12.2656 3.2155 P
16.6108 -5.7307 -9.923 O
-18.6563 4.5345 -9.631 B
1.8959 -13.446 3.2801 P
-19.0739 1.2128 -6.1346 B
3.5513 6.5605 7.5175 W
16.5865 -1.8064 -5.4524 O
-15.5928 1.7943 -1.6225 B
1.2433 9.3189 8.9955 W
14.109 -3.4417 -1.0025 O
-13.5429 0.4884 -2.7242 B
17.315 -4.1517 -1.2024 O
18.6436 -5.2971 -1.6291 O
0.6472 8.2363 4.2552 W
7.5051 12.5877 9.7694 W
15.0633 -1.5892 -9.2545 O
-4.2469 -9.3338 2.5178 P
-18.3619 5.3565 -4.2455 B
-2.4345 -10.1186 4.1901 P
-13.9926 2.3307 -9.5795 B
-1.5751 -12.1542 8.0829 P
18.3119 -1.6156 -5.8722 O
1.0446 -11.5087 6.7418 P
-3.8266 -9.8307 7.5478 P
-3.9209 -9.7562 2.2198 P
0.2635 10.1916 2.4341 W
0.7207 -12.6786 1.4478 P
-4.7318 -10.9484 3.0462 P
-17.2667 4.6669 -6.2152 B
0.9238 6.5438 2.0019 W
19.3463 -1.888 -5.6574 O
15.7845 -1.7749 -1.9486 O
-15.977 4.4417 -2.9053 B
3.5767 7.4403 1.868 W
18.3654 -2.8318 -4.8843 O
-19.7002 4.4615 -7.3212 B
16.5973 -1.8096 -2.872 O
-18.3244 1.3084 -2.6706 B
-16.6454 2.3884 -9.6532 B
1.1481 7.5618 1.7317 W
-16.3186 5.9378 -2.5842 B
-1.0871 -12.9267 8.3159 P
-15.6196 4.3477 -8.9763 B
-1.0556 -8.7651 6.5247 P
3.2744 9.3626 4.4364 W
-15.9555 2.3201 -7.8844 B
2.7274 9.3207 7.1244 W
1.268 -12.029 3.184 P
0.1983 -9.9166 5.3351 P
15.1342 -0.7867 -6.8677 O
-5.066 -11.3341 5.1544 P
-4.5564 -9.7014 5.5906 P
17.6071 -4.7291 -6.9721 O
-4.0379 -8.6242 9.141 P
7.2608 9.092 1.303 W
-4.8391 -11.9879 1.3593 P
-13.4501 5.831 -7.3113 B
-5.0865 -11.2348 6.9826 P
-14.4229 2.4454 -8.9613 B
1.7146 -11.7928 7.5448 P
-19.8838 2.9568 -8.4637 B
-3.4165 -8.5715 5.3133 P
-14.9864 3.2809 -1.3962 B
-17.9322 1.5979 -8.2063 B
-4.7448 -9.7794 9.1306 P
5.2866 7.601 3.5738 W
0.4775 13.647 7.1712 W
1.5894 7.7913 5.1434 W
-1.2484 -9.6492 1.105 P
6.5183 13.0694 4.0963 W
6.6238 8.2698 6.5597 W
1.966 -13.6173 1.7851 P
-13.1849 2.2712 -1.8396 B
-15.6171 2.1033 -4.8756 B
4.752 8.525 9.9309 W
19.059 -2.9929 -6.0751 O
-14.7187 2.478 -4.9264 B
-17.1447 4.4678 -3.6597 B
-18.2398 1.021 -8.0163 B
16.2452 -3.506 -3.8385 O
-4.6877 -10.507 5.4968 P
1.1523 11.5099 8.1427 W
-18.8685 3.9252 -5.8561 B
4.6107 10.7268 1.4082 W
18.1553 -0.6005 -1.3163 O
-16.2181 1.2816 -7.5856 B
0.8505 8.6783 2.9769 W
-13.6243 0.7362 -4.061 B
16.4286 -5.5192 -6.0707 O
-14.5755 3.1366 -3.8597 B
-19.5396 1.6118 -4.5202 B
17.3313 -3.7558 -3.7161 O
2.7568 13.6712 4.1057 W
-16.7921 2.7174 -6.1319 B
16.7209 -5.8925 -1.5113 O
-3.629 -12.8765 6.1297 P
19.4056 -1.8383 -3.364 O
0.2948 -13.8092 7.2766 P
2.3117 8.8598 5.8502 W
16.8795 -5.1916 -1.6588 O
-17.9776 5.207 -1.8724 B
-5.8788 -8.0523 3.7182 P
2.7704 12.5768 2.4218 W
17.3431 -5.4963 -1.2331 O
17.2149 -5.9258 -2.4474 O
-16.2353 4.4629 -7.8483 B
-18.5764 2.929 -7.3923 B
-2.2469 -8.8347 3.919 P
1.4341 -8.4416 7.057 P
-5.453 -9.8201 5.4482 P
19.1202 -2.352 -7.2877 O
0.6019 9.6426 9.27 W
18.7532 -0.9319 -2.6695 O
-5.3984 -8.2767 3.3223 P
18.1266 -4.4435 -2.4341 O
17.5533 -2.5781 -8.8013 O
0.1032 13.6248 5.4924 W
1.1728 7.4571 5.9017 W
-19.0228 0.2439 -8.0949 B
16.8156 -4.7437 -3.0077 O
14.4651 -3.7041 -4.3927 O
1.4204 7.505 6.4059 W
7.0058 11.5863 8.7877 W
14.5499 -3.3711 -3.6619 O
-4.7346 -12.745 9.2175 P
18.9827 -2.1222 -8.0547 O
16.9193 -4.2727 -4.6431 O
-15.2822 5.171 -1.3543 B
-5.3176 -9.6417 2.3897 P
-16.9931 0.2 -1.4329 B
17.937 -2.4069 -1.3857 O
2.5412 12.2528 2.0909 W
-17.7795 2.6257 -9.4991 B
-3.1815 -12.3372 7.5179 P
-17.9164 1.4465 -4.3467 B
-3.5986 -13.3707 8.6051 P
-1.1295 -10.8597 3.7931 P
-5.6318 -12.3792 6.1952 P
6.4784 8.7256 5.7672 W
7.3944 9.5757 1.7046 W
2.4476 10.6669 5.404 W
3.5689 6.3869 6.6339 W
17.8159 -1.7846 -9.2287 O
18.057 -3.3042 -6.5381 O
-18.3315 3.1827 -3.5808 B
4.3435 12.4758 2.9374 W
-4.2629 -13.9174 9.1474 P
-1.3512 -10.8479 6.0242 P
-0.4298 -9.8389 5.0402 P
2.3032 8.7969 7.7918 W
0.3763 11.209 5.7568 W
-18.86 4.1623 -1.0487 B
5.9593 10.6899 2.2429 W
0.6126 13.3446 3.8308 W
5.2526 8.0726 8.3669 W
0.3937 13.1279 7.2351 W
-2.5577 -13.0134 7.6603 P
6.6103 10.6216 6.8223 W
-0.311 -8.6273 9.6561 P
14.1485 -0.2163 -1.5461 O
17.9131 -5.3812 -8.0401 O
4.1807 11.242 3.8444 W
4.8407 7.1221 3.8241 W
-5.0379 -11.5505 6.947 P
16.5213 -5.1824 -3.1201 O
18.7918 -3.5996 -4.6142 O
17.6412 -5.5202 -1.3696 O
-15.1251 3.4161 -1.6835 B
5.88 8.2568 8.077 W
19.5257 -3.0977 -8.108 O
-16.6835 3.8326 -2.3591 B
-13.4435 1.1398 -5.696 B
-2.1705 -12.7958 8.3585 P
2.044 13.5831 4.4353 W
2.0588 10.2233 9.1054 W
5.8354 9.8014 9.7172 W
4.7729 7.0652 8.6192 W
16.9333 -0.7797 -1.7616 O
1.7299 -9.3592 3.9453 P
-17.1013 0.6847 -8.2376 B
14.1675 -2.0973 -5.0775 O
-19.2094 2.8535 -6.4893 B
-3.402 -13.007 9.08 P
-17.7964 1.727 -5.6616 B
-18.0442 2.4526 -6.855 B
17.5769 -3.25 -5.0004 O
18.3632 -4.965 -9.5277 O
-0.7011 -9.2538 5.9446 P
1.1781 -9.1488 1.6673 P
7.7036 13.0032 1.441 W
-19.5287 2.0672 -7.551 B
16.7375 -0.4909 -2.5033 O
-5.9621 -12.7602 7.1796 P
-1.8981 -11.2266 2.8227 P
-5.0811 -8.0615 8.7632 P
-4.1145 -12.3983 1.5404 P
0.6418 10.3746 1.7914 W
-16.2418 0.9117 -9.2803 B
16.5876 -4.413 -2.1475 O
-13.4276 4.6396 -8.2198 B
-15.3916 5.8087 -6.2425 B
-17.1775 3.4381 -4.6147 B
-3.5541 -10.2607 7.5506 P
1.7938 11.3866 5.124 W
-2.5127 -11.1548 3.4193 P
1.4817 11.1184 2.7674 W
17.2846 -1.8898 -4.922 O
14.4337 -1.9397 -2.9961 O
-2.7106 -13.1884 2.5971 P
-16.4297 5.2725 -3.7305 B
19.5897 -0.9252 -3.3649 O
18.6532 -4.773 -7.284 O
18.3282 -0.1008 -1.4025 O
2.1186 12.213 7.3123 W
-1.4686 -13.4387 2.4303 P
-4.766 -13.3655 9.9833 P
-17.8628 0.8755 -9.3224 B
5.3141 11.345 9.1305 W
-18.4919 4.6632 -3.7461 B
-0.6433 -8.2432 7.9829 P
-3.7671 -8.0141 7.0911 P
-14.378 4.4306 -1.2778 B
-18.7637 2.3933 -8.6276 B
0.1295 9.3679 3.3301 W
5.2764 8.2311 4.2312 W
-0.7111 -8.4752 5.0764 P
7.6498 10.3093 4.7874 W
-2.8049 -11.2158 8.7467 P
-16.8647 4.1339 -4.752 B
0.1166 13.7807 5.3805 W
4.9926 13.3361 4.7109 W
1.5541 7.2357 5.6327 W
4.8767 13.4223 2.1911 W
-16.2047 3.2526 -3.7228 B
1.1891 -12.4599 4.0145 P
-3.0287 -10.2147 6.1882 P
1.8903 6.5221 3.0505 W
18.121 -5.6015 -1.4204 O
7.0434 13.5653 6.4338 W
-3.3888 -8.2728 7.2313 P
16.0238 -0.496 -4.3891 O
17.1423 -1.3633 -7.169 O
-1.3624 -13.6174 5.6511 P
-17.3727 0.5674 -5.0364 B
-18.4381 4.9133 -5.9769 B
6.7313 12.5426 8.6528 W
17.6581 -5.6722 -8.0884 O
-4.6952 -10.5719 3.5735 P
16.3513 -2.2525 -7.3652 O
14.5573 -0.3427 -2.3928 O
-14.1775 4.4879 -9.8747 B
-17.707 1.3617 -4.242 B
16.4417 -2.9394 -7.674 O
15.4263 -0.2354 -6.451 O
-0.8983 -13.0251 8.8563 P
-18.9716 5.9964 -1.4196 B
-3.7026 -12.4812 7.2419 P
16.3834 -5.8359 -7.5767 O
17.8842 -0.2416 -1.7923 O
2.42 9.2306 8.3772 W
15.256 -2.8692 -7.6378 O
4.1464 6.7039 5.1068 W
1.8882 -8.4209 4.7768 P
17.8855 -3.0669 -7.7258 O
-4.1887 -8.0246 1.9805 P
-19.9604 2.17 -4.1724 B
-0.9549 -13.3885 3.4099 P
0.4138 -8.2914 7.6842 P
18.3835 -2.795 -9.7322 O
16.7863 -3.4822 -4.072 O
3.3144 8.0382 8.5665 W
-5.6048 -12.4417 2.1854 P
16.8892 -1.3785 -2.0817 O
0.107 -11.0027 7.7778 P
19.8547 -1.8538 -5.157 O
17.61 -5.4104 -6.6382 O
17.9373 -5.8635 -9.1492 O
-18.9611 4.8756 -9.7144 B
-17.3871 5.772 -5.5188 B
-14.803 3.2437 -6.1704 B
6.4168 10.0247 7.7927 W
5.3195 10.9823 7.9697 W
-2.5611 -12.2619 5.2252 P
-17.4278 2.5088 -4.4984 B
1.3813 10.1426 3.8201 W
1.7917 7.4092 1.3664 W
17.7118 -2.0871 -9.0722 O
-4.2099 -9.8405 4.0434 P
-16.7525 3.8047 -5.0469 B
-14.9341 2.9513 -7.4899 B
-5.1008 -11.7679 8.4934 P
-19.118 5.4593 -9.6141 B
14.7701 -0.7295 -3.2349 O
17.6886 -1.8397 -3.1589 O
-5.9549 -9.1237 8.1952 P
18.9616 -1.8413 -5.0455 O
1.7596 -10.3849 9.6684 P
15.6289 -3.3558 -8.1385 O
-19.1462 0.3459 -3.0737 B
